0,1,2,3,4,5,6,7,8,9,10,11,12,13,14,15,16,17,18,19
0,1,2,4,6,7,8,12,13,34,18,26,27,31,30,33,15,42,63,83
11,5,3,24,14,21,9,60,32,25,22,51,115,48,29,41,74,44,85,89
23,19,10,36,62,37,43,64,29,39,69,52,120,38,56,49,82,81,92,104
40,16,76,98,71,46,67,35,93,59,94,54,141,57,87,103,101,55,127,152
47,17,91,113,95,79,135,97,45,61,109,68,148,121,88,125,72,112,168,162
50,28,123,114,118,107,145,143,53,75,73,150,151,128,105,80,139,132,170,164
78,66,134,129,130,177,147,110,58,77,153,90,166,131,138,111,171,156,208,172
102,86,137,133,158,116,160,65,199,84,157,96,183,178,167,117,173,174,215,188
108,99,142,144,196,126,165,207,70,124,214,100,189,182,175,119,197,190,219,179
149,194,193,200,192,136,169,211,106,233,230,122,195,184,176,181,220,198,228,186
223,249,216,221,205,140,180,204,146,201,233,154,217,262,210,203,209,206,234,231
243,265,251,240,218,163,185,222,155,260,241,159,235,269,296,227,212,261,232,237
245,277,282,250,229,191,202,226,225,264,254,187,246,270,299,247,244,236,266,213
248,281,285,292,310,238,239,255,253,288,293,256,257,284,303,224,267,274,271,242
280,304,287,306,252,316,263,259,286,300,298,283,273,301,317,258,272,291,276,275
295,314,302,309,297,318,279,312,307,305,311,268,313,315,319,290,308,278,289,294
